00000000000000000000000000000000
11111111111111111100111000001110
11111111111111111001111000001000
11111111111111110111000111000110
11111111111111110100101011111011
11111111111111110010101100100100
11111111111111110001001101111100
11111111111111110000010011101011
11111111111111110000000000000000
11111111111111110000010011101011
11111111111111110001001101111100
11111111111111110010101100100100
11111111111111110100101011111011
11111111111111110111000111000110
11111111111111111001111000001000
11111111111111111100111000001110