00000000000000010000000000000000
00000000000000001111101100010100
00000000000000001110110010000011
00000000000000001101010011011011
00000000000000001011010100000100
00000000000000001000111000111001
00000000000000000110000111110111
00000000000000000011000111110001
00000000000000000000000000000000
11111111111111111100111000001110
11111111111111111001111000001000
11111111111111110111000111000110
11111111111111110100101011111011
11111111111111110010101100100100
11111111111111110001001101111100
11111111111111110000010011101011